 System Ni-K-Na-F-Li                                                         L
    5    2    0   10    8
 Ni                       K                        Na
 F                        Li
    58.69340000              39.09830000              22.98976928
    18.99840320               6.94100000
   6   1   2   3   4   5   6
   6   1   2   3   4   5   6
 Liquid
 SUBG
  2.40000
   4   7
 KF                              0.000000    0.000000
   4  1           0.00000    1.00000    0.00000    1.00000    0.00000
  2000.00000     -575830.760      414.223510     -71.9650010         0.000000000
     0.000000000     0.000000000
 1     0.000000000   0.00
  1.00000      1.00000         0.000000     0.000000     0.000000
 NaF                             0.000000    0.000000
   4  1           0.00000    0.00000    1.00000    1.00000    0.00000
  2000.00000     -579464.840      435.493100     -72.8989990         0.000000000
     0.000000000     0.000000000
 1     0.000000000   0.00
  1.00000      1.00000         0.000000     0.000000     0.000000
 LiF                             0.000000    0.000000
   4  1           0.00000    0.00000    0.00000    1.00000    1.00000
  2000.00000     -617790.200      386.909800     -64.1829990         0.000000000
     0.000000000     0.000000000
 1     0.000000000   0.00
  1.00000      1.00000         0.000000     0.000000     0.000000
 NiF2                            0.000000    0.000000
   4  1           1.00000    0.00000    0.00000    2.00000    0.00000
  2000.00000     -645970.010      595.259571     -99.9999850         0.000000000
     0.000000000     0.000000000
 1     0.000000000   0.00
  1.00000      2.00000         0.000000     0.000000     0.000000
   4   1
 K                        Na                       Li
 Ni
 F
  1.00000      1.00000      1.00000      2.00000
   1   1   1   2
  1.00000
   1
   1   2   3   4
   1   1   1   1
   1   1   5   5  6.00000000      6.00000000      6.00000000      6.00000000
   2   2   5   5  6.00000000      6.00000000      6.00000000      6.00000000
   3   3   5   5  6.00000000      6.00000000      6.00000000      6.00000000
   4   4   5   5  6.00000000      6.00000000      3.00000000      3.00000000
   1   4   5   5  3.00000000      6.00000000      3.00000000      3.00000000
   2   4   5   5  2.00000000      6.00000000      2.40000000      2.40000000
   3   4   5   5  2.00000000      6.00000000      2.40000000      2.40000000
   3
 G   1   4   5   5   0   0   0   0
     0.000000000   1.00     0.000000000   2.00     0.000000000   3.00
     0.000000000   0.00     0.000000000   0.00     0.000000000   0.00
   0   0 -17573.0000         0.000000000     0.000000000     0.000000000
     0.000000000     0.000000000
   3
 G   1   4   5   5   1   0   0   0
     0.000000000   1.00     0.000000000   2.00     0.000000000   3.00
     0.000000000   0.00     0.000000000   0.00     0.000000000   0.00
   0   0     0.000000000     0.000000000     0.000000000     0.000000000
     0.000000000     0.000000000
   3
 G   1   4   5   5   0   1   0   0
     0.000000000   1.00     0.000000000   2.00     0.000000000   3.00
     0.000000000   0.00     0.000000000   0.00     0.000000000   0.00
   0   0 -15899.0000         0.000000000     0.000000000     0.000000000
     0.000000000     0.000000000
   3
 G   3   4   5   5   0   0   0   0
     0.000000000   1.00     0.000000000   2.00     0.000000000   3.00
     0.000000000   0.00     0.000000000   0.00     0.000000000   0.00
   0   0 -2929.00000         0.000000000     0.000000000     0.000000000
     0.000000000     0.000000000
   3
 G   3   4   5   5   1   0   0   0
     0.000000000   1.00     0.000000000   2.00     0.000000000   3.00
     0.000000000   0.00     0.000000000   0.00     0.000000000   0.00
   0   0 -2092.00000         0.000000000     0.000000000     0.000000000
     0.000000000     0.000000000
   3
 G   3   4   5   5   0   1   0   0
     0.000000000   1.00     0.000000000   2.00     0.000000000   3.00
     0.000000000   0.00     0.000000000   0.00     0.000000000   0.00
   0   0 -12134.0000         0.000000000     0.000000000     0.000000000
     0.000000000     0.000000000
   3
 G   2   4   5   5   0   0   0   0
     0.000000000   1.00     0.000000000   2.00     0.000000000   3.00
     0.000000000   0.00     0.000000000   0.00     0.000000000   0.00
   0   0 -18410.0000         0.000000000     0.000000000     0.000000000
     0.000000000     0.000000000
   3
 G   2   4   5   5   0   1   0   0
     0.000000000   1.00     0.000000000   2.00     0.000000000   3.00
     0.000000000   0.00     0.000000000   0.00     0.000000000   0.00
   0   0 -18828.0000         0.000000000     0.000000000     0.000000000
     0.000000000     0.000000000
   0
 FLi_FM3M_No.225(s)
   4  2           0.00000    0.00000    0.00000    1.00000    1.00000
  2500.00000     -632481.820      262.493230     -43.3090000     -.815600000E-02
 -.841166670E-07  284562.000
 1     0.000000000   0.00
  2500.00001     -688258.813      606.965943     -87.1523152         0.000000000
     0.000000000     0.000000000
 1     0.000000000   0.00
 NaF_FM3M_No.225(s)
   4  2           0.00000    0.00000    1.00000    1.00000    0.00000
  2500.00000     -593065.520      274.817720     -47.6300000     -.739500000E-02
     0.000000000  232150.000
 1     0.000000000   0.00
  2500.00001     -638912.830      563.419157     -84.5307120         0.000000000
     0.000000000     0.000000000
 1     0.000000000   0.00
 KF_FM3M_No.225(s)
   4  2           0.00000    1.00000    0.00000    1.00000    0.00000
  2500.00000     -589729.490      384.195270     -68.7574140     0.288784410E-01
 -.125674760E-04  383359.170
 1 0.199046890E-08   4.00
  2500.00001     -494318.886      7.43584450     -22.3099653         0.000000000
     0.000000000     0.000000000
 1     0.000000000   0.00
 NiF2_P42/mnm_No.136(s)
   4  2           1.00000    0.00000    0.00000    2.00000    0.00000
  2000.00000     -679565.099      373.230817     -65.5050000     -.768850000E-02
     0.000000000  305801.500
 1     0.000000000   0.00
  2000.00001     -709707.496      605.597436     -96.1060992         0.000000000
     0.000000000     0.000000000
 1     0.000000000   0.00
 NiF4Li2_Li2NiF4_S1(s)
   4  2           1.00000    0.00000    0.00000    4.00000    2.00000
  6000.00000     -1948916.70      899.057010     -152.123000     -.240005000E-01
 -.168233334E-06  874901.500
 1     0.000000000   0.00
  6000.00001     -2957705.03      3738.36935     -476.418795         0.000000000
     0.000000000     0.000000000
 1     0.000000000   0.00
 NiNaF3_NaNiF3_S1(s)
   4  2           1.00000    0.00000    1.00000    3.00000    0.00000
  2000.00000     -1290182.09      638.812028     -113.140000     -.150835000E-01
     0.000000000  537951.500
 1     0.000000000   0.00
  2000.00001     -1349440.19      1094.95695     -173.205024         0.000000000
     0.000000000     0.000000000
 1     0.000000000   0.00
 NiKF3_KNiF3_S1(s)
   4  2           1.00000    1.00000    0.00000    3.00000    0.00000
  2000.00000     -1292388.60      743.493080     -134.262410     0.211899400E-01
 -.125674767E-04  689160.670
 1 0.199046667E-08   4.00
  2000.00001     -1321782.57      959.689294     -159.692710         0.000000000
     0.000000000     0.000000000
 1     0.000000000   0.00
 NiK2F4_K2NiF4_S1(s)
   4  2           1.00000    2.00000    0.00000    4.00000    0.00000
  2000.00000     -1891012.07      1129.23535     -203.019828     0.500683800E-01
 -.251349500E-04  1072519.84
 1 0.398094167E-08   4.00
  2000.00001     -1919656.31      1329.25389     -223.278448         0.000000000
     0.000000000     0.000000000
 1     0.000000000   0.00
